0.6129895
0.430447
0.4283574
0.4189795
0.4207829
0.4379259
0.4303515
0.4321549
0.4422294
0.4689623
0.4798955
0.4964872
0.4938402
0.4920368
0.5048609
0.4931815
0.4895594
0.4895594
0.5023685
0.4823953
0.4899697
0.4877255
0.5699711
0.5721352
0.5757421
0.5775455
0.5815131
0.5721352
0.5681676
0.6595317
0.7212094
0.7278964
0.7354708
0.690114
0.571318
0.5024265
0.5242833
0.4867717
0.5199646
0.4976019
0.4716321
0.4809511
0.4733766
0.4908936
0.5002715
0.4812658
0.4570997
0.4831795
0.4627751
0.5213073
0.4888177
0.5052336
0.4683385
0.4870943
0.4471933
0.3891224
0.4004812
0.4313706
0.4283058
0.4178286
0.421363
0.4308058
0.4290023
0.4330348
0.5096125
0.4836429
0.4846542
0.5052135
0.4918019
0.5585178
0.5321966
