0.7000033
0.471516
0.4672298
0.4616669
0.4627366
0.5291035
0.5246103
0.5256801
0.5326717
0.5152833
0.5319242
0.5417663
0.536337
0.5352673
0.6025886
0.5865205
0.579091
0.579091
0.6027349
0.5728102
0.5773033
0.5674415
0.7634832
0.764767
0.7669066
0.7679763
0.7703299
0.764767
0.7624134
0.6527009
0.6892877
0.7030036
0.7074968
0.644438
0.5290818
0.4882158
0.5277884
0.5055367
0.5189302
0.5056648
0.5572221
0.504115
0.4996219
0.5518534
0.5574163
0.5268469
0.5125117
0.585462
0.5690293
0.6389518
0.4850177
0.5108012
0.4814002
0.492526
0.5155085
0.4810612
0.4726296
0.4844535
0.4781671
0.5041828
0.4718144
0.4806656
0.4795958
0.4852376
0.6559813
0.6405764
0.6647369
0.6769325
0.5595011
0.6428845
0.669175
