0.5999749
0.4289672
0.4270388
0.4173819
0.419239
0.4348663
0.4270665
0.4289236
0.4392233
0.467094
0.4776077
0.4946929
0.4922502
0.4903931
0.4992197
0.4878632
0.4845206
0.4845206
0.496534
0.4772923
0.485092
0.4834066
0.5573002
0.5595287
0.5632429
0.5651
0.5691856
0.5595287
0.5554431
0.6615446
0.7250569
0.7312279
0.7390277
0.6949729
0.5759349
0.5049942
0.5255499
0.4869226
0.5215645
0.4985366
0.4689793
0.4807799
0.4729801
0.4879498
0.4976067
0.4794506
0.4545657
0.4772062
0.4586077
0.5142042
0.4906231
0.5063507
0.4689092
0.4882229
0.4458094
0.3860112
0.3967248
0.4290097
0.4261813
0.4151244
0.4191959
0.4286812
0.4268242
0.4307382
0.5004039
0.4736619
0.4729756
0.4941463
0.4883639
0.5559472
0.5236747
