0.6999615
0.4669302
0.464657
0.4555979
0.4573401
0.4913623
0.4840453
0.4857875
0.4956043
0.5058839
0.5172939
0.5333216
0.5304422
0.5287001
0.5460767
0.5340308
0.5300906
0.5300906
0.5438048
0.5230003
0.5303173
0.5274367
0.6191881
0.6212786
0.6247629
0.6265051
0.6303378
0.6212786
0.6174459
0.6920117
0.7515929
0.758867
0.766184
0.7193487
0.6008409
0.5342911
0.5576277
0.5213912
0.5529299
0.5313273
0.5246015
0.5159381
0.5086211
0.529038
0.538097
0.5181255
0.4947808
0.524776
0.5174708
0.5641869
0.5215521
0.5387505
0.5024817
0.5206
0.4987197
0.4426228
0.4395609
0.4688574
0.4655235
0.4708622
0.45863
0.4680233
0.4662812
0.470448
0.5548916
0.5298048
0.53275
0.5526104
0.5305093
0.6113843
0.5766911
