0.5500001
0.3958069
0.3950534
0.3833607
0.3856093
0.3876808
0.3782367
0.3804853
0.3924292
0.4311122
0.4385708
0.4592578
0.4583034
0.4560548
0.4357455
0.4267392
0.4254331
0.4254331
0.4316502
0.4177352
0.4271793
0.4295667
0.4426008
0.4452992
0.4497963
0.4520449
0.4569919
0.4452992
0.4403523
0.6539047
0.7308066
0.7332178
0.7426619
0.7080864
0.5872533
0.501357
0.5124348
0.465664
0.5108775
0.482995
0.4247683
0.457172
0.4477279
0.4441348
0.4558274
0.4438598
0.4137286
0.4113052
0.4033539
0.4400775
0.4814258
0.4921401
0.4507061
0.4740915
0.4108414
0.3384367
0.3469621
0.3894271
0.3883219
0.3705246
0.3810236
0.3908217
0.3885731
0.3916254
0.410927
0.3785473
0.3654862
0.3911202
0.4409461
0.5123581
0.4392091
